Типы блюд
12
Холодное
Калорийное
Сладкое
Жидкое
С мясом или птицей
С рыбой
С овощами
Содержит муку
Требует длительного приготовления
Большое количество ингредиентов
Требует наличие плиты
Потребляется с помощью ложки
5
Закуски
4
Бутерброд
1 1 0 0 1 0 1 1 0 0 0 0
Греческий салат
1 0 0 0 0 0 1 0 0 1 0 0
Салат цезарь
1 0 0 0 1 0 1 0 1 1 1 0
Фаршированные яйца
1 0 0 0 0 0 0 0 0 0 1 0
Напитки
4
Чай
0 0 0 1 0 0 0 0 0 0 1 0
Кофе
0 0 0 1 0 0 0 0 0 0 1 0
Кисель
0 0 1 1 0 0 0 0 0 0 1 0
Какао
0 0 1 1 0 0 0 0 0 0 1 0
Первое
4
Куриный суп
0 0 0 1 1 0 1 0 1 1 1 1
Борщ суп
1 0 0 1 0 0 1 0 1 1 1 1
Молочный суп
0 0 0 1 0 0 0 0 1 0 1 1
Грибной суп
0 0 0 1 0 0 1 0 1 1 1 1
Второе
4
Жареная курица
0 1 0 0 1 0 0 0 1 0 0 0
Голубцы
0 0 0 0 1 0 1 0 1 1 1 0
Жюльен
0 0 0 0 1 0 0 1 1 1 1 0
Котлеты
0 1 0 0 1 0 1 0 0 0 1 0
Десерты
4
Чизкейк
1 1 1 0 0 0 0 1 1 1 0 0
Мороженое
1 0 1 0 0 0 0 0 0 0 0 1
Тирамису
1 1 1 0 0 0 0 1 1 1 0 1
Пончик
0 1 1 0 0 0 0 1 1 1 1 0
