Типы блюд

Признаки:
	холодное
	калорийное
	сладкое
	жидкое
	с мясом или птицей
	с рыбой
	с овощами
	содержит муку
	требует длительного приготовления
	большое количество ингредиентов
	требует наличие плиты
	потребляется с помощью ложки

Закуски
	бутерброд			1 1 0 0 1 0 1 1 0 0 0 0
	греческий салат		1 0 0 0 0 0 1 0 0 1 0 0
	салат цезарь		1 0 0 0 1 0 1 0 1 1 1 0
	фаршированные яйца	1 0 0 0 0 0 0 0 0 0 1 0
Напитки
	чай					0 0 0 1 0 0 0 0 0 0 1 0
	кофе				0 0 0 1 0 0 0 0 0 0 1 0
	кисель				0 0 1 1 0 0 0 0 0 0 1 0
	какао				0 0 1 1 0 0 0 0 0 0 1 0
Первое
	куриный суп			0 0 0 1 1 0 1 0 1 1 1 1
	борщ суп			1 0 0 1 0 0 1 0 1 1 1 1
	молочный суп		0 0 0 1 0 0 0 0 1 0 1 1
	грибной суп			0 0 0 1 0 0 1 0 1 1 1 1
Второе
	жареная курица		0 1 0 0 1 0 0 0 1 0 0 0
	голубцы				0 0 0 0 1 0 1 0 1 1 1 0
	жюльен				0 0 0 0 1 0 0 1 1 1 1 0
	котлеты				0 1 0 0 1 0 1 0 0 0 1 0
Десерты
	чизкейк				1 1 1 0 0 0 0 1 1 1 0 0
	мороженое			1 0 1 0 0 0 0 0 0 0 0 1
	тирамису			1 1 1 0 0 0 0 1 1 1 0 1
	пончик				0 1 1 0 0 0 0 1 1 1 1 0
